(Decimal('13.0827'), 
Decimal('80.2707'), 
datetime.date(2024, 2, 1), 
0.03865596573631501, 
26.714969692157183, 
26.714969692157183, 
'NorthWest', 
5.46653980838029e-05, 
0.11126353284325878, 
954.8993794160732, 
-2.921872936229707e-05, 
-0.430274178017143,
 0.07438103975008432, 
-0.06144512108526544, 
-0.9159383773803711, 
datetime.date(2024, 2, 15), 
385.3004368830331, 
260.68580109861836, 
6.922405020994005, 
88.96088889882536, 
0.017097731701855818, 
301.02567854410495, 
0.016033654220002896, 
298.24919046329546, 
304.20652794174003, 
8.620910046871164e-07,
101437.56146472013, 
33.535736443498465, 
0.016480388257967875,
299.58678269688085, 
-2.7101015364161776, 
461.29636981819243, 
18.183565948394282, 
-1.0797165123439287, 
0.24720500776159104, 
0.2827657351639704, 
0.30216476484693056, 
0.332096225840633)